1.005377 0.013499 -0.006715 -0.008884 -1.003163 -0.936657 -1.026815
1.018122 -0.041551 -0.004528 0.005731 -0.979669 -1.070105 -0.912763
0.976539 -0.029831 -0.040243 -0.001154 -0.919938 -1.040008 -1.005041
1.006651 -0.033483 -0.065692 -0.010206 -0.887481 -1.029845 -1.043939
0.999669 -0.052946 -0.070439 0.004335 -0.850042 -1.095125 -1.008039
0.981403 -0.055572 -0.091886 -0.046639 -0.903053 -1.006549 -1.053265
0.987685 -0.068326 -0.104616 -0.042986 -0.872254 -1.040625 -1.046080
0.992525 -0.096522 -0.109928 -0.039986 -0.864234 -1.098816 -0.991824
1.021496 -0.107871 -0.131313 -0.069354 -0.881373 -1.065005 -1.013390
1.009551 -0.120192 -0.135699 -0.046956 -0.833075 -1.130729 -0.982574
