0.992790 0.004723 0.001509 0.005417 -0.030790 0.004295 0.003844
1.011800 -0.011138 -0.034746 -0.007857 -0.120440 -0.049304 -0.017084
0.999650 -0.005461 -0.023614 -0.027499 -0.237000 -0.070699 -0.034291
0.992700 -0.036508 -0.050465 -0.023680 -0.335690 -0.125380 -0.058876
0.991910 -0.054233 -0.064990 0.003987 -0.433590 -0.176630 -0.088603
1.012700 -0.061749 -0.071405 -0.027327 -0.549390 -0.195730 -0.136870
0.997100 -0.057738 -0.100080 -0.037583 -0.668490 -0.222260 -0.162640
0.993300 -0.073810 -0.108650 -0.051626 -0.788890 -0.265120 -0.219610
0.989080 -0.082061 -0.135550 -0.073846 -0.885420 -0.282510 -0.256700
0.986400 -0.108160 -0.148890 -0.062715 -0.998090 -0.311620 -0.324900
