-0.493921 -0.749363 9.993054  10  0 590 405 1 544.7439 423.7005 2 499.5283 443.3785 3 454.181 464.1562 4 408.5255 486.1674 5 362.3785 509.5599 6 315.5458 534.4991 7 267.8185 561.1716 8 218.9681 589.79 9 168.7416 620.5984
-0.492740 -0.587664 10.002701  10  0 590 421.6667 1 544.9066 440.3836 2 499.8462 460.1178 3 454.6472 480.9926 4 409.1342 503.1432 5 363.1239 526.72 6 316.4223 551.8912 7 268.8206 578.8475 8 220.0902 607.806 9 169.9772 639.0168
-0.507497 -0.410694 9.997847  10  0 590 438.3333 1 545.0693 457.0792 2 500.1644 476.8821 3 455.1146 497.8667 4 409.7447 520.17 5 363.872 543.9449 6 317.3028 569.3629 7 269.8281 596.6183 8 221.2192 625.9336 9 171.2215 657.565
-0.513274 -0.266835 10.002775  10  0 590 455 1 545.2322 473.7872 2 500.4832 493.6714 3 455.583 514.7787 4 410.357 537.2482 5 364.6229 561.2351 6 318.1873 586.9145 7 270.8411 614.4849 8 222.3552 644.174 9 172.4746 676.2443
-0.504191 -0.082916 10.004236  10  0 590 471.6667 1 545.3952 490.5075 2 500.8024 510.4857 3 456.0524 531.7287 4 410.9711 554.3778 5 365.3768 578.591 6 319.0759 604.5467 7 271.8595 632.448 8 223.4983 662.528 9 173.7367 695.0561
-0.489800 0.092766 9.994991  10  0 590 488.3333 1 545.5583 507.2403 2 501.1221 527.3252 3 456.5229 548.7169 4 411.5872 571.5591 5 366.1334 596.0128 6 319.9685 622.26 7 272.8834 650.5085 8 224.6485 680.9969 9 175.0077 714.0018
-0.496572 0.247720 9.978754  10  0 590 505 1 545.7216 523.9856 2 501.4423 544.1898 3 456.9944 565.7434 4 412.205 588.7925 5 366.893 613.501 6 320.8653 640.055 7 273.9129 668.667 8 225.806 699.5817 9 176.2878 733.083
-0.496060 0.422435 10.010212  10  0 590 521.6667 1 545.8849 540.7433 2 501.763 561.0796 3 457.4671 582.8083 4 412.8248 606.078 5 367.6555 631.0559 6 321.7662 657.9322 7 274.948 686.9244 8 226.9707 718.2834 9 177.577 752.3009
-0.504425 0.585058 9.994421  10  0 590 538.3333 1 546.0484 557.5134 2 502.0841 577.9946 3 457.9407 599.9118 4 413.4464 623.416 5 368.4208 648.678 6 322.6713 675.8922 7 275.9888 705.2815 8 228.1428 737.1033 9 178.8756 771.6571
-0.507657 0.755850 10.002848  10  0 590 555 1 546.212 574.2961 2 502.4058 594.935 3 458.4155 617.0539 4 414.07 640.8066 5 369.1891 666.3676 6 323.5806 693.9356 7 277.0352 723.7391 8 229.3223 756.0423 9 180.1835 791.1532
-0.444747 -0.754935 10.009696  10  0 593.4483 405 1 548.2082 423.6686 2 503.0223 443.31 3 457.7188 464.0459 4 412.1218 486.0094 5 366.0489 509.3474 6 319.307 534.2244 7 271.6885 560.8258 8 222.9672 589.3625 9 172.892 620.0769
-0.466569 -0.566621 9.989176  10  0 593.4483 421.6667 1 548.3721 440.3498 2 503.3427 460.0455 3 458.1889 480.8763 4 412.7356 502.977 5 366.8007 526.4969 6 320.1914 551.6035 7 272.7002 578.4857 8 224.1005 607.3594 9 174.1408 638.4727
-0.465850 -0.412701 10.012562  10  0 593.4483 438.3333 1 548.5361 457.0434 2 503.6635 476.8058 3 458.66 497.7444 4 413.3512 519.9956 5 367.5553 543.7113 6 321.0798 569.0619 7 273.7173 596.2405 8 225.2407 625.4678 9 175.3984 656.998
-0.468254 -0.248590 10.007412  10  0 593.4483 455 1 548.7003 473.7495 2 503.9848 493.5911 3 459.1322 514.6503 4 413.9687 537.0654 5 368.3128 560.9908 6 321.9723 586.6001 7 274.7398 614.0908 8 226.3881 643.6885 9 176.6648 675.654
-0.464820 -0.095239 10.001224  10  0 593.4483 471.6667 1 548.8645 490.4679 2 504.3065 510.4015 3 459.6055 531.5943 4 414.588 554.1867 5 369.0732 578.3358 6 322.8689 604.2189 7 275.7679 632.0374 8 227.5426 662.0228 9 177.9403 694.4423
-0.468712 0.081402 9.996412  10  0 593.4483 488.3333 1 549.0289 507.1987 2 504.6288 527.237 3 460.0798 548.5764 4 415.2092 571.3597 5 369.8364 595.7468 6 323.7697 621.9186 7 276.8015 650.0812 8 228.7044 680.4717 9 179.2248 713.3641
-0.475959 0.235544 10.012052  10  0 593.4483 505 1 549.1934 523.942 2 504.9515 544.0976 3 460.5552 565.5967 4 415.8322 588.5845 5 370.6026 613.224 6 324.6745 639.6998 7 277.8407 668.2229 8 229.8734 699.0362 9 180.5184 732.421
-0.460588 0.413781 10.004458  10  0 593.4483 521.6667 1 549.3581 540.6978 2 505.2747 560.9834 3 461.0316 582.6555 4 416.4572 605.8616 5 371.3717 630.7679 6 325.5836 657.5632 7 278.8856 686.4634 8 231.0497 717.7174 9 181.8214 751.6144
-0.451119 0.571042 10.005323  10  0 593.4483 538.3333 1 549.5228 557.466 2 505.5984 577.8945 3 461.5092 599.7527 4 417.0841 623.191 5 372.1437 648.3788 6 326.4969 675.5092 7 279.9362 704.8033 8 232.2335 736.5165 9 183.1336 770.9458
-0.463669 0.749360 10.026929  10  0 593.4483 555 1 549.6877 574.2467 2 505.9226 594.8308 3 461.9878 616.8886 4 417.7128 640.573 5 372.9187 666.0572 6 327.4143 693.5385 7 280.9926 723.2436 8 233.4248 755.4346 9 184.4554 790.4166
-0.438476 -0.748478 10.005546  10  0 596.8966 405 1 551.6717 423.6367 2 506.5147 443.2416 3 461.2541 463.9357 4 415.7148 485.8515 5 369.715 509.1352 6 323.0627 533.9502 7 275.552 560.4806 8 226.9584 588.9359 9 177.0332 619.5566
-0.430470 -0.588179 10.011765  10  0 596.8966 421.6667 1 551.8368 440.316 2 506.8376 459.9731 3 461.728 480.7601 4 416.3337 502.8109 5 370.4732 526.2742 6 323.955 551.3161 7 276.5732 578.1246 8 228.1028 606.9138 9 178.295 637.9299
-0.420831 -0.400338 9.999493  10  0 596.8966 438.3333 1 552.0021 457.0077 2 507.1609 476.7295 3 462.2029 497.6221 4 416.9544 519.8213 5 371.2343 543.4779 6 324.8514 568.7613 7 277.5998 595.8632 8 229.2544 625.0028 9 179.5658 656.4322
-0.413203 -0.236311 10.018023  10  0 596.8966 455 1 552.1675 473.7118 2 507.4847 493.5109 3 462.679 514.5221 4 417.577 536.8828 5 371.9983 560.7467 6 325.7519 586.2862 7 278.6319 613.6973 8 230.4131 643.2041 9 180.8455 675.0651
-0.445087 -0.069194 9.999049  10  0 596.8966 471.6667 1 552.3331 490.4283 2 507.809 510.3173 3 463.156 531.4599 4 418.2014 553.9958 5 372.7652 578.0809 6 326.6565 603.8915 7 279.6695 631.6276 8 231.5789 661.5186 9 182.1343 693.8298
-0.429894 0.089241 9.990050  10  0 596.8966 488.3333 1 552.4987 507.1572 2 508.1338 527.1488 3 463.6342 548.4359 4 418.8278 571.1604 5 373.535 595.481 6 327.5653 621.5776 7 280.7128 649.6548 8 232.7521 679.9475 9 183.4322 712.7279
-0.435367 0.257800 9.999834  10  0 596.8966 505 1 552.6645 523.8985 2 508.4591 544.0054 3 464.1134 565.4501 4 419.456 588.3768 5 374.3078 612.9473 6 328.4783 639.3452 7 281.7618 667.7797 8 233.9326 698.4918 9 184.7394 731.7606
-0.425588 0.410094 9.982840  10  0 596.8966 521.6667 1 552.8304 540.6523 2 508.7849 560.8873 3 464.5937 582.5027 4 420.0862 605.6453 5 375.0835 630.4802 6 329.3954 657.1947 7 282.8164 686.0032 8 235.1206 717.1526 9 186.0559 750.9295
-0.429345 0.584651 10.012576  10  0 596.8966 538.3333 1 552.9965 557.4186 2 509.1111 577.7943 3 465.0751 599.5938 4 420.7182 622.9662 5 375.8621 648.08 6 330.3168 675.1268 7 283.8768 704.326 8 236.316 735.931 9 187.3819 770.2361
-0.436921 0.738776 9.988158  10  0 596.8966 555 1 553.1626 574.1973 2 509.4378 594.7267 3 465.5576 616.7235 4 421.3522 640.3397 5 376.6437 665.7472 6 331.2425 693.142 7 284.943 722.749 8 237.519 754.8281 9 188.7174 789.6817
-0.414624 -0.747602 10.002816  10  0 600.3448 405 1 555.1343 423.6048 2 510.0055 443.1732 3 464.787 463.8256 4 419.3044 485.6938 5 373.3767 508.9232 6 326.8131 533.6763 7 279.409 560.1359 8 230.9417 588.5101 9 181.165 619.0375
-0.408693 -0.571912 10.009143  10  0 600.3448 421.6667 1 555.3008 440.2822 2 510.3309 459.9008 3 465.2647 480.644 4 419.9283 502.645 5 374.1414 526.0517 6 327.7133 551.0292 7 280.4396 577.764 8 232.0973 606.469 9 182.4399 637.3882
-0.402616 -0.427675 10.004827  10  0 600.3448 438.3333 1 555.4673 456.9719 2 510.6567 476.6533 3 465.7434 497.5 4 420.5542 519.6472 5 374.909 543.2448 6 328.6176 568.4611 7 281.4757 595.4867 8 233.2601 624.5388 9 183.7238 655.8678
-0.399289 -0.252089 10.003736  10  0 600.3448 455 1 555.634 473.6741 2 510.9831 493.4307 3 466.2232 514.3939 4 421.1819 536.7004 5 375.6795 560.5029 6 329.526 585.9728 7 282.5173 613.3045 8 234.43 642.7206 9 185.0167 674.4775
-0.384794 -0.097994 9.991355  10  0 600.3448 471.6667 1 555.8008 490.3886 2 511.3099 510.2332 3 466.7041 531.3257 4 421.8115 553.805 5 376.4529 577.8264 6 330.4386 603.5646 7 283.5646 631.2184 8 235.6073 661.0154 9 186.3187 693.2188
-0.402497 0.089396 9.999449  10  0 600.3448 488.3333 1 555.9677 507.1156 2 511.6372 527.0607 3 467.1861 548.2956 4 422.443 570.9612 5 377.2292 595.2156 6 331.3554 621.2371 7 284.6175 649.229 8 236.7918 679.4244 9 187.63 712.0931
-0.392831 0.262308 10.009304  10  0 600.3448 505 1 556.1348 523.855 2 511.9651 543.9133 3 467.6692 565.3037 4 423.0764 588.1692 5 378.0085 612.671 6 332.2765 638.991 7 285.6761 667.3372 8 237.9838 697.9485 9 188.9506 731.1017
-0.387493 0.428101 9.992364  10  0 600.3448 521.6667 1 556.302 540.6068 2 512.2934 560.7912 3 468.1533 582.3501 4 423.7117 605.4293 5 378.7908 630.1928 6 333.2017 656.8268 7 286.7405 685.5438 8 239.1832 716.5889 9 190.2807 750.2462
-0.394235 0.573077 9.987643  10  0 600.3448 538.3333 1 556.4693 557.3712 2 512.6221 577.6942 3 468.6385 599.435 4 424.3489 622.7417 5 379.576 647.7816 6 334.1312 674.7449 7 287.8106 703.8495 8 240.3902 735.3466 9 191.6203 769.528
-0.395704 0.742910 9.993013  10  0 600.3448 555 1 556.6367 574.1479 2 512.9514 594.6226 3 469.1249 616.5585 4 424.9881 640.1065 5 380.3643 665.4376 6 335.0651 692.7461 7 288.8867 722.2552 8 241.6049 754.2228 9 192.9695 788.9486
-0.368174 -0.751022 10.008544  10  0 603.7931 405 1 558.5962 423.573 2 513.4946 443.1048 3 468.3174 463.7155 4 422.8906 485.5362 5 377.0341 508.7115 6 330.5581 533.4028 7 283.2595 559.7918 8 234.9173 588.0852 9 185.2876 618.5196
-0.353656 -0.587285 9.997254  10  0 603.7931 421.6667 1 558.7639 440.2484 2 513.8225 459.8285 3 468.7989 480.5279 4 423.5197 502.4793 5 377.8052 525.8295 6 331.4662 550.7426 7 284.2994 577.4041 8 236.084 606.025 9 186.5754 636.8478
-0.345783 -0.421942 10.002229  10  0 603.7931 438.3333 1 558.9317 456.9362 2 514.1509 476.577 3 469.2814 497.3779 4 424.1506 519.4732 5 378.5793 543.012 6 332.3784 568.1614 7 285.345 595.1107 8 237.2579 624.0757 9 187.8724 655.3046
-0.357314 -0.275245 9.982552  10  0 603.7931 455 1 559.0997 473.6364 2 514.4798 493.3505 3 469.765 514.2658 4 424.7834 536.5182 5 379.3562 560.2594 6 333.2947 585.6597 7 286.3961 612.9124 8 238.4391 642.238 9 189.1784 673.8912
-0.358996 -0.076967 9.992274  10  0 603.7931 471.6667 1 559.2678 490.349 2 514.8092 510.149 3 470.2497 531.1915 4 425.4181 553.6145 5 380.1361 577.5721 6 334.2153 603.2381 7 287.4529 630.8099 8 239.6276 660.5132 9 190.4937 692.6091
-0.359715 0.080989 9.993005  10  0 603.7931 488.3333 1 559.4359 507.074 2 515.139 526.9726 3 470.7355 548.1553 4 426.0548 570.7623 5 380.919 594.9505 6 335.1401 620.8972 7 288.5154 648.804 8 240.8235 678.9023 9 191.8182 711.4597
-0.351729 0.256934 9.987341  10  0 603.7931 505 1 559.6043 523.8115 2 515.4694 543.8213 3 471.2224 565.1573 4 426.6933 587.9619 5 381.7049 612.395 6 336.0691 638.6374 7 289.5837 666.8955 8 242.0268 697.4063 9 193.1522 730.4443
-0.365378 0.419312 10.011740  10  0 603.7931 521.6667 1 559.7727 540.5614 2 515.8002 560.6951 3 471.7104 582.1976 4 427.3338 605.2135 5 382.4937 629.9058 6 337.0025 656.4594 7 290.6577 685.0852 8 243.2378 716.0263 9 194.4958 749.5645
-0.367191 0.553548 10.010399  10  0 603.7931 538.3333 1 559.9413 557.3237 2 516.1316 577.5942 3 472.1995 599.2763 4 427.9762 622.5173 5 383.2855 647.4835 6 337.9401 674.3636 7 291.7377 703.3739 8 244.4563 734.7634 9 195.8489 768.8216
-0.356750 0.746987 9.984328  10  0 603.7931 555 1 560.11 574.0986 2 516.4634 594.5185 3 472.6897 616.3936 4 428.6206 639.8736 5 384.0804 665.1284 6 338.8821 692.3508 7 292.8235 721.7623 8 245.6825 753.6187 9 197.2118 788.2171
-0.330651 -0.742139 10.002499  10  0 607.2414 405 1 562.0573 423.5411 2 516.9822 443.0365 3 471.8454 463.6056 4 426.4735 485.3788 5 380.6872 508.5001 6 334.2977 533.1297 7 287.1034 559.4484 8 238.8851 587.661 9 189.4009 618.0028
-0.318668 -0.572882 9.990344  10  0 607.2414 421.6667 1 562.2262 440.2146 2 517.3126 459.7562 3 472.3306 480.4119 4 427.1076 502.3137 5 381.4647 525.6075 6 335.2136 550.4565 7 288.1528 577.0448 8 240.0628 605.582 9 190.7017 636.3086
-0.342225 -0.419839 9.998343  10  0 607.2414 438.3333 1 562.3953 456.9005 2 517.6435 476.5008 3 472.8169 497.256 4 427.7436 519.2994 5 382.2452 542.7794 6 336.1337 567.8621 7 289.2077 594.7354 8 241.2478 623.6135 9 192.0116 654.7427
-0.314323 -0.244795 10.000457  10  0 607.2414 455 1 562.5646 473.5988 2 517.9749 493.2704 3 473.3044 514.1378 4 428.3815 536.3361 5 383.0286 560.0162 6 337.058 585.3472 7 290.2683 612.5209 8 242.4402 641.7565 9 193.3307 673.3063
-0.334892 -0.080954 10.017096  10  0 607.2414 471.6667 1 562.7339 490.3094 2 518.3068 510.065 3 473.7929 531.0574 4 429.0214 553.4241 5 383.815 577.3182 6 337.9865 602.9122 7 291.3346 630.4021 8 243.6399 660.012 9 194.6591 692.0009
-0.325201 0.092552 10.003704  10  0 607.2414 488.3333 1 562.9034 507.0325 2 518.6392 526.8846 3 474.2825 548.0151 4 429.6631 570.5636 5 384.6044 594.6858 6 338.9193 620.5577 7 292.4067 648.3797 8 244.8471 678.3812 9 195.9969 710.8278
-0.332265 0.269636 9.993435  10  0 607.2414 505 1 563.0729 523.768 2 518.9721 543.7293 3 474.7732 565.011 4 430.3068 587.7547 5 385.3968 612.1193 6 339.8563 638.2843 7 293.4846 666.4545 8 246.0618 696.8651 9 197.3442 729.7885
-0.320451 0.407552 10.008314  10  0 607.2414 521.6667 1 563.2427 540.516 2 519.3055 560.5991 3 475.265 582.0451 4 430.9525 604.9979 5 386.1922 629.6192 6 340.7977 656.0925 7 294.5683 684.6273 8 247.2842 715.4648 9 198.7012 748.8843
-0.341761 0.604333 10.008760  10  0 607.2414 538.3333 1 563.4125 557.2764 2 519.6393 577.4942 3 475.7579 599.1177 4 431.6001 622.2932 5 386.9906 647.1858 6 341.7434 673.9829 7 295.6579 702.899 8 248.5142 734.1813 9 200.0678 768.1168
-0.338259 0.752145 10.001383  10  0 607.2414 555 1 563.5825 574.0492 2 519.9737 594.4145 3 476.2519 616.2288 4 432.2497 639.6409 5 387.7921 664.8195 6 342.6935 691.956 7 296.7534 721.2703 8 249.752 753.0158 9 201.4442 787.4874
-0.276780 -0.757990 10.022422  10  0 610.6897 405 1 565.5176 423.5092 2 520.4681 442.9681 3 475.3709 463.4957 4 430.0531 485.2215 5 384.336 508.2888 6 338.032 532.857 7 290.9409 559.1055 8 242.8451 587.2378 9 193.505 617.4871
-0.302857 -0.591437 9.998332  10  0 610.6897 421.6667 1 565.6878 440.1808 2 520.801 459.684 3 475.8599 480.2961 4 430.6922 502.1483 5 385.1199 525.3858 6 338.9558 550.1708 7 291.9996 576.6861 8 244.0338 605.1398 9 194.8187 635.7706
-0.300087 -0.415489 9.995410  10  0 610.6897 438.3333 1 565.8581 456.8648 2 521.1345 476.4247 3 476.35 497.1341 4 431.3333 519.1258 5 385.9068 542.5471 6 339.8837 567.5633 7 293.0639 594.3607 8 245.2299 623.1522 9 196.1415 654.182
-0.292480 -0.248620 10.005462  10  0 610.6897 455 1 566.0286 473.5611 2 521.4684 493.1903 3 476.8412 514.0098 4 431.9763 536.1542 5 386.6967 559.7733 6 340.8159 585.0351 7 294.1339 612.1301 8 246.4334 641.2758 9 197.4736 672.7227
-0.301090 -0.079224 9.986977  10  0 610.6897 471.6667 1 566.1992 490.2698 2 521.8028 509.9809 3 477.3335 530.9235 4 432.6212 553.2339 5 387.4896 577.0645 6 341.7523 602.5867 7 295.2097 629.995 8 247.6443 659.5118 9 198.8151 691.394
-0.291636 0.091603 9.995885  10  0 610.6897 488.3333 1 566.37 506.991 2 522.1377 526.7966 3 477.8269 547.8751 4 433.2681 570.365 5 388.2854 594.4213 6 342.693 620.2187 7 296.2913 647.9561 8 248.8627 677.8612 9 200.1661 710.1973
-0.281344 0.253616 9.994599  10  0 610.6897 505 1 566.5408 523.7245 2 522.4731 543.6373 3 478.3214 564.8648 4 433.917 587.5478 5 389.0843 611.844 6 343.638 637.9317 7 297.3788 666.0143 8 250.0888 696.3251 9 201.5267 729.1341
-0.292417 0.406422 10.013665  10  0 610.6897 521.6667 1 566.7118 540.4705 2 522.8091 560.5032 3 478.8171 581.8928 4 434.5678 604.7825 5 389.8862 629.3329 6 344.5874 655.7262 7 298.4721 684.1703 8 251.3225 714.9045 9 202.8969 748.2057
-0.275842 0.576432 10.007068  10  0 610.6897 538.3333 1 566.8829 557.229 2 523.1455 577.3942 3 479.3138 598.9592 4 435.2205 622.0693 5 390.6912 646.8884 6 345.5412 673.6027 7 299.5714 702.425 8 252.564 733.6004 9 204.277 767.4136
-0.307601 0.742411 10.006076  10  0 610.6897 555 1 567.0542 573.9999 2 523.4824 594.3106 3 479.8117 616.0641 4 435.8753 639.4085 5 391.4993 664.511 6 346.4993 691.5619 7 300.6766 720.7791 8 253.8133 752.4142 9 205.6669 786.7593
-0.261467 -0.755905 10.009198  10  0 614.1379 405 1 568.977 423.4774 2 523.9524 442.8999 3 478.894 463.3858 4 433.6293 485.0644 5 387.9805 508.0779 6 341.761 532.5847 7 294.7719 558.7631 8 246.7973 586.8153 9 197.6 616.9727
-0.267361 -0.579782 10.008994  10  0 614.1379 421.6667 1 569.1485 440.1471 2 524.2879 459.6118 3 479.3867 480.1803 4 434.2735 501.983 5 388.7708 525.1643 6 342.6925 549.8855 7 295.8399 576.328 8 247.997 604.6985 9 198.9264 635.2338
-0.254936 -0.413260 10.000327  10  0 614.1379 438.3333 1 569.3202 456.8291 2 524.6238 476.3486 3 479.8806 497.0123 4 434.9196 518.9523 5 389.5641 542.3151 6 343.6283 567.2648 7 296.9136 593.9867 8 249.2041 622.6918 9 200.2621 653.6226
-0.271237 -0.252275 9.985841  10  0 614.1379 455 1 569.4919 473.5235 2 524.9602 493.1103 3 480.3756 513.882 4 435.5677 535.9725 5 390.3604 559.5306 6 344.5683 584.7234 7 297.993 611.74 8 250.4187 640.7961 9 201.6071 672.1404
-0.276217 -0.093322 9.983191  10  0 614.1379 471.6667 1 569.6638 490.2302 2 525.2972 509.8969 3 480.8717 530.7896 4 436.2177 553.0439 5 391.1597 576.8112 6 345.5126 602.2617 7 299.0782 629.5885 8 251.6407 659.0126 9 202.9617 690.7885
-0.262556 0.080075 10.000378  10  0 614.1379 488.3333 1 569.8358 506.9494 2 525.6346 526.7086 3 481.3689 547.7351 4 436.8697 570.1666 5 391.9621 594.1572 6 346.4613 619.8802 7 300.1693 647.5332 8 252.8704 677.3423 9 204.3258 709.5683
-0.276771 0.255970 10.016635  10  0 614.1379 505 1 570.0079 523.681 2 525.9726 543.5454 3 481.8672 564.7187 4 437.5237 587.341 5 392.7675 611.5689 6 347.4143 637.5796 7 301.2663 665.5748 8 254.1077 695.7861 9 205.6995 728.4812
-0.267602 0.415371 10.008310  10  0 614.1379 521.6667 1 570.1802 540.4251 2 526.311 560.4073 3 482.3667 581.7406 4 438.1796 604.5673 5 393.5759 629.0469 6 348.3716 655.3604 7 302.3692 683.7141 8 255.3528 714.3452 9 207.083 747.5286
-0.264094 0.597737 10.010477  10  0 614.1379 538.3333 1 570.3525 557.1816 2 526.65 577.2943 3 482.8672 598.8008 4 438.8375 621.8456 5 394.3874 646.5914 6 349.3334 673.2231 7 303.4781 701.9518 8 256.6056 733.0207 9 208.4765 766.7121
-0.275325 0.741816 10.017938  10  0 614.1379 555 1 570.525 573.9506 2 526.9895 594.2067 3 483.3689 615.8995 4 439.4974 639.1762 5 395.2021 664.2029 6 350.2997 691.1683 7 304.593 720.2887 8 257.8664 751.8137 9 209.8798 786.0329
-0.218499 -0.747058 9.995149  10  0 617.5862 405 1 572.4357 423.4456 2 527.4351 442.8316 3 482.4146 463.2761 4 437.2021 484.9074 5 391.6207 507.8672 6 345.4847 532.3128 7 298.5964 558.4214 8 250.7419 586.3936 9 201.6858 616.4593
-0.221082 -0.571820 9.993664  10  0 617.5862 421.6667 1 572.6085 440.1133 2 527.7731 459.5396 3 482.9111 480.0645 4 437.8514 501.8179 5 392.4174 524.9432 6 346.424 549.6006 7 299.6737 575.9705 8 251.9525 604.2581 9 203.0249 634.6982
-0.230409 -0.425269 10.011019  10  0 617.5862 438.3333 1 572.7814 456.7934 2 528.1115 476.2725 3 483.4087 496.8906 4 438.5026 518.779 5 393.2171 542.0834 6 347.3675 566.9668 7 300.7567 593.6133 8 253.1706 622.2323 9 204.3734 653.0645
-0.238061 -0.250561 9.992830  10  0 617.5862 455 1 572.9544 473.4858 2 528.4505 493.0303 3 483.9075 513.7543 4 439.1557 535.791 5 394.0198 559.2883 6 348.3154 584.4122 7 301.8455 611.3505 8 254.3961 640.3174 9 205.7314 671.5594
-0.226891 -0.095481 10.022000  10  0 617.5862 471.6667 1 573.1275 490.1907 2 528.79 509.813 3 484.4074 530.6558 4 439.8108 552.854 5 394.8255 576.5581 6 349.2676 601.9371 7 302.9401 629.1828 8 255.6293 658.5144 9 207.0988 690.1844
-0.225816 0.074022 10.008906  10  0 617.5862 488.3333 1 573.3008 506.9079 2 529.1299 526.6207 3 484.9084 547.5952 4 440.4679 569.9685 5 395.6343 593.8933 6 350.2241 619.5422 7 304.0407 647.1111 8 256.8701 676.8243 9 208.476 708.9407
-0.245867 0.235527 9.993646  10  0 617.5862 505 1 573.4742 523.6376 2 529.4704 543.4535 3 485.4105 564.5728 4 441.127 587.1345 5 396.4462 611.2942 6 351.185 637.228 7 305.1472 665.1361 8 258.1187 695.2482 9 209.8629 727.8298
-0.211064 0.407319 9.996265  10  0 617.5862 521.6667 1 573.6477 540.3797 2 529.8114 560.3114 3 485.9138 581.5885 4 441.7881 604.3523 5 397.2612 628.7613 6 352.1504 654.9951 7 306.2596 683.2586 8 259.375 713.7871 9 211.2596 746.8531
-0.219783 0.587010 10.005219  10  0 617.5862 538.3333 1 573.8213 557.1342 2 530.1529 577.1945 3 486.4182 598.6426 4 442.4511 621.6221 5 398.0792 646.2947 6 353.1202 672.844 7 307.3781 701.4794 8 260.6392 732.4422 9 212.6663 766.0121
-0.241673 0.747598 10.007129  10  0 617.5862 555 1 573.9951 573.9012 2 530.4949 594.1028 3 486.9237 615.7351 4 443.1162 638.9442 5 398.9004 663.8951 6 354.0944 690.7752 7 308.5027 719.7992 8 261.9113 751.2145 9 214.0831 785.3082
-0.169874 -0.744170 10.011684  10  0 621.0345 405 1 575.8936 423.4137 2 530.9162 442.7634 3 485.9327 463.1664 4 440.7716 484.7506 5 395.2566 507.6567 6 349.203 532.0413 7 302.4145 558.0802 8 254.6787 585.9728 9 205.7625 615.9471
-0.191191 -0.573056 10.003400  10  0 621.0345 421.6667 1 576.0676 440.0795 2 531.2567 459.4675 3 486.433 479.9489 4 441.4259 501.6529 5 396.0596 524.7222 6 350.15 549.3161 7 303.501 575.6136 8 255.9002 603.8185 9 207.1143 634.1639
-0.204389 -0.413041 9.989853  10  0 621.0345 438.3333 1 576.2418 456.7577 2 531.5977 476.1965 3 486.9344 496.7689 4 442.0822 518.6058 5 396.8657 541.852 6 351.1014 566.6693 7 304.5933 593.2405 8 257.1292 621.7737 9 208.4755 652.5076
-0.198916 -0.242245 10.000931  10  0 621.0345 455 1 576.4161 473.4482 2 531.9391 492.9503 3 487.437 513.6266 4 442.7404 535.6096 5 397.6748 559.0462 6 352.0571 584.1014 7 305.6915 610.9617 8 258.3658 639.8396 9 209.8463 670.9797
-0.187028 -0.075784 9.984638  10  0 621.0345 471.6667 1 576.5905 490.1511 2 532.2811 509.729 3 487.9406 530.5221 4 443.4006 552.6644 5 398.487 576.3054 6 353.0171 601.613 7 306.7955 628.7778 8 259.61 658.0171 9 211.2267 689.5816
-0.204053 0.106907 10.005762  10  0 621.0345 488.3333 1 576.765 506.8664 2 532.6236 526.5328 3 488.4454 547.4555 4 444.0628 569.7705 5 399.3023 593.6298 6 353.9815 619.2047 7 307.9054 646.6897 8 260.8619 676.3074 9 212.6168 708.3145
-0.194391 0.257572 10.005721  10  0 621.0345 505 1 576.9396 523.5941 2 532.9666 543.3616 3 488.9513 564.4269 4 444.7269 586.9281 5 400.1206 611.0199 6 354.9504 636.877 7 309.0214 664.6981 8 262.1216 694.7113 9 214.0167 727.1799
-0.190670 0.401747 10.001467  10  0 621.0345 521.6667 1 577.1144 540.3343 2 533.3101 560.2156 3 489.4584 581.4365 4 445.3931 604.1375 5 400.942 628.476 6 355.9237 654.6303 7 310.1434 682.8039 8 263.3892 713.2301 9 215.4266 746.1792
-0.193905 0.586291 9.990743  10  0 621.0345 538.3333 1 577.2894 557.0869 2 533.6542 577.0947 3 489.9666 598.4844 4 446.0613 621.3988 5 401.7666 645.9984 6 356.9014 672.4654 7 311.2714 701.0078 8 264.6647 731.8648 9 216.8465 765.3138
-0.187619 0.756674 10.012731  10  0 621.0345 555 1 577.4644 573.8519 2 533.9987 593.999 3 490.476 615.5707 4 446.7315 638.7124 5 402.5943 663.5877 6 357.8837 690.3828 7 312.4056 719.3106 8 265.9482 750.6164 9 218.2766 784.5851
-0.162293 -0.740573 10.009879  10  0 624.4828 405 1 579.3507 423.3819 2 534.3957 442.6952 3 489.4484 463.0568 4 444.3378 484.5939 5 398.8882 507.4465 6 352.916 531.7701 7 306.2262 557.7396 8 258.6079 585.5528 9 209.8301 615.4361
-0.157678 -0.575162 9.992881  10  0 624.4828 421.6667 1 579.526 440.0458 2 534.7387 459.3954 3 489.9525 479.8333 4 444.9971 501.4881 5 399.6976 524.5016 6 353.8708 549.032 7 307.3219 575.2573 8 259.8402 603.3797 9 211.1945 633.6307
-0.153265 -0.421586 9.986657  10  0 624.4828 438.3333 1 579.7014 456.722 2 535.0822 476.1204 3 490.4576 496.6474 4 445.6584 518.4328 5 400.5101 541.6208 6 354.8299 566.3721 7 308.4235 592.8684 8 261.0801 621.3161 9 212.5684 651.952
-0.177373 -0.249723 10.010042  10  0 624.4828 455 1 579.8769 473.4106 2 535.4262 492.8703 3 490.9639 513.4991 4 446.3217 535.4284 5 401.3256 558.8044 6 355.7934 583.7911 7 309.5309 610.5735 8 262.3276 639.3628 9 213.9519 670.4014
-0.174354 -0.079881 10.006085  10  0 624.4828 471.6667 1 580.0526 490.1115 2 535.7707 509.6452 3 491.4714 530.3885 4 446.9869 552.4749 5 402.1442 576.0529 6 356.7612 601.2894 7 310.6443 628.3735 8 263.5828 657.5209 9 215.3452 688.9802
-0.165843 0.085491 10.000359  10  0 624.4828 488.3333 1 580.2284 506.8249 2 536.1157 526.445 3 491.98 547.3158 4 447.6542 569.5727 5 402.9658 593.3666 6 357.7335 618.8677 7 311.7636 646.269 8 264.8458 675.7915 9 216.7482 707.6897
-0.154374 0.270290 10.002554  10  0 624.4828 505 1 580.4043 523.5507 2 536.4612 543.2698 3 492.4897 564.2811 4 448.3235 586.7219 5 403.7906 610.7458 6 358.7103 636.5264 7 312.889 664.2609 8 266.1166 694.1756 9 218.1611 726.5315
-0.153144 0.400621 10.006972  10  0 624.4828 521.6667 1 580.5804 540.2889 2 536.8072 560.1198 3 493.0005 581.2846 4 448.9948 603.9229 5 404.6185 628.191 6 359.6915 654.2661 7 314.0205 682.35 8 267.3954 712.6742 9 219.5841 745.5067
-0.162484 0.591890 9.995688  10  0 624.4828 538.3333 1 580.7566 557.0395 2 537.1538 576.9949 3 493.5126 598.3264 4 449.6681 621.1757 5 405.4496 645.7025 6 360.6772 672.0874 7 315.158 700.537 8 268.6821 731.2886 9 221.0172 764.617
-0.142048 0.761864 10.015539  10  0 624.4828 555 1 580.9329 573.8026 2 537.5009 593.8952 3 494.0257 615.4065 4 450.3434 638.4808 5 406.2838 663.2807 6 361.6674 689.9909 7 316.3018 718.8227 8 269.9769 750.0196 9 222.4605 783.8637
-0.109360 -0.755906 10.003467  10  0 627.931 405 1 582.807 423.3501 2 537.8736 442.6271 3 492.9617 462.9473 4 447.9007 484.4374 5 402.5156 507.2365 6 356.6238 531.4994 7 310.0314 557.3996 8 262.5294 585.1337 9 213.8886 614.9262
-0.122461 -0.578377 9.992335  10  0 627.931 421.6667 1 582.9836 440.012 2 538.2191 459.3234 3 493.4695 479.7179 4 448.565 501.3234 5 403.3313 524.2812 6 357.5863 548.7483 7 311.1363 574.9016 8 263.7725 602.9419 9 215.2656 633.0987
-0.087434 -0.417557 9.995065  10  0 627.931 438.3333 1 583.1602 456.6863 2 538.5651 476.0445 3 493.9784 496.5259 4 449.2313 518.26 5 404.1501 541.3899 6 358.5531 566.0754 7 312.2471 592.4969 8 265.0232 620.8593 9 216.6521 651.3976
-0.124343 -0.260334 10.015045  10  0 627.931 455 1 583.337 473.373 2 538.9116 492.7904 3 494.4885 513.3716 4 449.8996 535.2473 5 404.972 558.5629 6 359.5244 583.4812 7 313.3638 610.186 8 266.2816 638.8868 9 218.0483 669.8243
-0.110856 -0.082327 9.993501  10  0 627.931 471.6667 1 583.514 490.072 2 539.2586 509.5613 3 494.9997 530.255 4 450.5699 552.2856 5 405.797 575.8008 6 360.5 600.9663 7 314.4865 627.9698 8 267.5478 657.0256 9 219.4544 688.3801
-0.121320 0.100015 9.989395  10  0 627.931 488.3333 1 583.691 506.7834 2 539.6061 526.3572 3 495.512 547.1762 4 451.2423 569.375 5 406.625 593.1037 6 361.4801 618.5311 7 315.6152 645.849 8 268.8218 675.2766 9 220.8702 707.0664
-0.137938 0.246009 10.011547  10  0 627.931 505 1 583.8682 523.5073 2 539.9542 543.1781 3 496.0255 564.1355 4 451.9166 586.5159 5 407.4563 610.4721 6 362.4647 636.1763 7 316.75 663.8245 8 270.1037 693.6409 9 222.2961 725.8845
-0.101891 0.422942 10.003193  10  0 627.931 521.6667 1 584.0455 540.2435 2 540.3027 560.0241 3 496.5402 581.1328 4 452.593 603.7085 5 408.2906 627.9064 6 363.4538 653.9024 7 317.8909 681.8969 8 271.3936 712.1195 9 223.7321 744.8359
-0.131325 0.572120 10.022035  10  0 627.931 538.3333 1 584.223 556.9922 2 540.6518 576.8952 3 497.056 598.1684 4 453.2714 620.9529 5 409.1282 645.4069 6 364.4475 671.71 7 319.038 700.067 8 272.6916 730.7135 9 225.1783 763.9219
-0.119952 0.740783 9.997321  10  0 627.931 555 1 584.4006 573.7534 2 541.0014 593.7915 3 497.573 615.2424 4 453.9519 638.2494 5 409.9689 662.974 6 365.4457 689.5996 7 320.1913 718.3358 8 273.9976 749.424 9 226.6348 783.144
-0.066999 -0.762390 10.006381  10  0 631.3793 405 1 586.2625 423.3183 2 541.3499 442.5589 3 496.4725 462.8379 4 451.4602 484.281 5 406.1387 507.0268 6 360.3263 531.229 7 313.8303 557.0601 8 266.4433 584.7153 9 217.9381 614.4174
-0.079780 -0.597680 9.999806  10  0 631.3793 421.6667 1 586.4403 439.9783 2 541.6979 459.2513 3 496.9841 479.6025 4 452.1296 501.1589 5 406.9608 524.061 6 361.2965 548.465 7 314.9444 574.5465 8 267.6971 602.5049 9 219.3276 632.5679
-0.082497 -0.426092 10.004323  10  0 631.3793 438.3333 1 586.6182 456.6506 2 542.0464 475.9685 3 497.4967 496.4045 4 452.8009 518.0873 5 407.7859 541.1592 6 362.271 565.7791 7 316.0643 592.126 8 268.9586 620.4034 9 220.7267 650.8445
-0.087661 -0.258996 9.984103  10  0 631.3793 455 1 586.7963 473.3354 2 542.3954 492.7106 3 498.0106 513.2442 4 453.4742 535.0664 5 408.6141 558.3217 6 363.25 583.1718 7 317.1903 609.7992 8 270.2279 638.4119 9 222.1356 669.2486
-0.083755 -0.087754 10.002497  10  0 631.3793 471.6667 1 586.9745 490.0324 2 542.7449 509.4775 3 498.5255 530.1216 4 454.1496 552.0965 5 409.4454 575.5489 6 364.2334 600.6436 7 318.3222 627.5668 8 271.505 656.5313 9 223.5543 687.7814
-0.067305 0.066898 10.007631  10  0 631.3793 488.3333 1 587.1528 506.7419 2 543.0949 526.2694 3 499.0417 547.0368 4 454.827 569.1776 5 410.2799 592.8411 6 365.2213 618.1951 7 319.4603 645.4298 8 272.79 674.7627 9 224.983 706.4445
-0.090816 0.244931 9.999943  10  0 631.3793 505 1 587.3313 523.4638 2 543.4455 543.0864 3 499.5589 563.9899 4 455.5064 586.3101 5 411.1176 610.1987 6 366.2138 635.8268 7 320.6044 663.3887 8 274.0829 693.1072 9 226.4217 725.239
-0.088422 0.408917 9.996403  10  0 631.3793 521.6667 1 587.5099 540.1981 2 543.7966 559.9284 3 500.0774 580.9812 4 456.1879 603.4943 5 411.9584 627.6221 6 367.2107 653.5393 7 321.7547 681.4445 8 275.3839 711.5658 9 227.8707 744.1665
-0.090763 0.575396 10.000259  10  0 631.3793 538.3333 1 587.6886 556.9449 2 544.1482 576.7955 3 500.597 598.0106 4 456.8714 620.7302 5 412.8024 645.1117 6 368.2123 671.3331 7 322.9113 699.5979 8 276.693 730.1395 9 229.3299 763.2283
-0.090327 0.746832 9.979107  10  0 631.3793 555 1 587.8674 573.7041 2 544.5003 593.6878 3 501.1178 615.0784 4 457.557 638.0183 5 413.6496 662.6677 6 369.2185 689.2088 7 324.0741 717.8496 8 278.0103 748.8295 9 230.7995 782.4259
-0.053449 -0.738282 10.012419  10  0 634.8276 405 1 589.7172 423.2865 2 544.8246 442.4909 3 499.9809 462.7285 4 455.0165 484.1247 5 409.7576 506.8173 6 364.0235 530.959 7 317.6228 556.7212 8 270.3496 584.2978 9 221.9787 613.9098
-0.045535 -0.583381 10.003421  10  0 634.8276 421.6667 1 589.8963 439.9446 2 545.1751 459.1793 3 500.4962 479.4872 4 455.6908 500.9946 5 410.5859 523.8412 6 365.0013 548.1821 7 318.746 574.1921 8 271.6141 602.0687 9 223.3806 632.0382
-0.050842 -0.412456 10.005506  10  0 634.8276 438.3333 1 590.0755 456.615 2 545.5261 475.8926 3 501.0126 496.2832 4 456.3671 517.9148 5 411.4174 540.9289 6 365.9836 565.4832 7 319.8751 591.7557 8 272.8864 619.9484 9 224.7922 650.2926
-0.059331 -0.234145 10.006547  10  0 634.8276 455 1 590.2548 473.2978 2 545.8776 492.6307 3 501.5302 513.1169 4 457.0455 534.8857 5 412.2519 558.0808 6 366.9703 582.8628 7 321.0103 609.413 8 274.1664 637.9378 9 226.2136 668.6741
-0.035205 -0.076487 10.002868  10  0 634.8276 471.6667 1 590.4343 489.9929 2 546.2296 509.3938 3 502.0489 529.9882 4 457.7259 551.9075 5 413.0896 575.2974 6 367.9615 600.3214 7 322.1515 627.1646 8 275.4544 656.038 9 227.645 687.1841
-0.060420 0.084627 10.014184  10  0 634.8276 488.3333 1 590.6138 506.7005 2 546.5821 526.1817 3 502.5688 546.8974 4 458.4083 568.9804 5 413.9305 592.5788 6 368.9572 617.8595 7 323.2988 645.0112 8 276.7503 674.2499 9 229.0864 705.8239
-0.055029 0.260860 9.988811  10  0 634.8276 505 1 590.7936 523.4204 2 546.9352 542.9947 3 503.0899 563.8444 4 459.0928 586.1045 5 414.7745 609.9257 6 369.9574 635.4777 7 324.4523 662.9538 8 278.0542 692.5746 9 230.538 724.595
-0.050923 0.438965 9.999253  10  0 634.8276 521.6667 1 590.9734 540.1528 2 547.2888 559.8327 3 503.6121 580.8296 4 459.7794 603.2803 5 415.6218 627.3382 6 370.9622 653.1766 7 325.612 680.9929 8 279.3663 711.0132 9 231.9998 743.4987
-0.068546 0.578164 10.010841  10  0 634.8276 538.3333 1 591.1534 556.8976 2 547.643 576.6959 3 504.1355 597.8529 4 460.468 620.5078 5 416.4722 644.8168 6 371.9717 670.9568 7 326.7779 699.1295 8 280.6865 729.5667 9 233.472 762.5363
-0.061815 0.758484 9.999855  10  0 634.8276 555 1 591.3335 573.6548 2 547.9976 593.5842 3 504.6601 614.9146 4 461.1587 637.7873 5 417.3259 662.3618 6 372.9857 688.8186 7 327.9502 717.3643 8 282.0149 748.2362 9 234.9546 781.7095
-0.030178 -0.758140 10.006429  10  0 638.2759 405 1 593.1712 423.2547 2 548.2977 442.4228 3 503.4869 462.6192 4 458.5694 483.9686 5 413.3722 506.6081 6 367.7155 530.6894 7 321.409 556.3829 8 274.2483 583.881 9 226.0102 613.4032
-0.043884 -0.595818 9.983801  10  0 638.2759 421.6667 1 593.3515 439.9108 2 548.6506 459.1074 3 504.0059 479.3719 4 459.2487 500.8304 5 414.2068 523.6215 6 368.7009 547.8997 7 322.5412 573.8382 8 275.5235 601.6334 9 227.4245 631.5098
0.004089 -0.423441 10.003487  10  0 638.2759 438.3333 1 593.5319 456.5793 2 549.0041 475.8167 3 504.526 496.162 4 459.93 517.7425 5 415.0446 540.6988 6 369.6908 565.1878 7 323.6795 591.3861 8 276.8064 619.4943 9 228.8485 649.7419
-0.024545 -0.250737 10.010834  10  0 638.2759 455 1 593.7125 473.2602 2 549.3581 492.5509 3 505.0473 512.9897 4 460.6134 534.7052 5 415.8854 557.8402 6 370.6852 582.5542 7 324.8238 609.0274 8 278.0973 637.4647 9 230.2825 668.1009
-0.008841 -0.102951 9.977599  10  0 638.2759 471.6667 1 593.8932 489.9534 2 549.7127 509.31 3 505.5698 529.855 4 461.2988 551.7187 5 416.7295 575.0461 6 371.6842 599.9996 7 325.9742 626.763 8 279.396 655.5456 9 231.7265 686.5881
-0.017069 0.067347 9.997644  10  0 638.2759 488.3333 1 594.0741 506.659 2 550.0677 526.094 3 506.0935 546.7581 4 461.9863 568.7833 5 417.5767 592.3169 6 372.6876 617.5244 7 327.1308 644.5934 8 280.7028 673.738 9 233.1806 705.2048
-0.027183 0.249429 9.987468  10  0 638.2759 505 1 594.255 523.377 2 550.4233 542.9031 3 506.6183 563.6991 4 462.6758 585.8991 5 418.4271 609.6529 6 373.6957 635.1292 7 328.2935 662.5195 8 282.0177 692.0431 9 234.6449 723.9524
-0.017645 0.422672 9.989698  10  0 638.2759 521.6667 1 594.4362 540.1074 2 550.7795 559.7371 3 507.1443 580.6781 4 463.3675 603.0665 5 419.2808 627.0546 6 374.7083 652.8145 7 329.4626 680.5421 8 283.3407 710.4617 9 236.1195 742.8323
-0.013194 0.591188 10.005928  10  0 638.2759 538.3333 1 594.6174 556.8503 2 551.1361 576.5963 3 507.6715 597.6953 4 464.0612 620.2856 5 420.1377 644.5222 6 375.7256 670.581 7 330.6379 698.662 8 284.672 728.9951 9 237.6046 761.8459
-0.028670 0.754373 10.010903  10  0 638.2759 555 1 594.7988 573.6056 2 551.4933 593.4806 3 508.1999 614.7508 4 464.757 637.5566 5 420.9978 662.0562 6 376.7476 688.429 7 331.8196 716.8798 8 286.0116 747.6442 9 239.1003 780.9947
0.029222 -0.751798 9.997905  10  0 641.7241 405 1 596.6243 423.2229 2 551.7692 442.3548 3 506.9904 462.51 4 462.119 483.8127 5 416.9826 506.3991 6 371.4022 530.4202 7 325.1888 556.0452 8 278.1394 583.4651 9 230.0329 612.8978
0.029210 -0.578033 9.994808  10  0 641.7241 421.6667 1 596.8058 439.8771 2 552.1246 459.0355 3 507.5131 479.2568 4 462.8033 500.6663 5 417.8235 523.4022 6 372.3953 547.6176 7 326.3301 573.4849 8 279.4252 601.1989 9 231.4594 630.9825
0.016268 -0.391738 10.018022  10  0 641.7241 438.3333 1 596.9876 456.5437 2 552.4806 475.7409 3 508.037 496.0409 4 463.4896 517.5703 5 418.6675 540.469 6 373.3928 564.8927 7 327.4774 591.0171 8 280.7188 619.0411 9 232.8959 649.1925
0.023385 -0.230232 9.999139  10  0 641.7241 455 1 597.1694 473.2226 2 552.8371 492.4712 3 508.5621 512.8626 4 464.178 534.5248 5 419.5147 557.5998 6 374.3949 582.2461 7 328.6309 608.6425 8 282.0204 636.9925 9 234.3423 667.529
0.005055 -0.083927 10.003806  10  0 641.7241 471.6667 1 597.3514 489.9139 2 553.1942 509.2263 3 509.0883 529.7219 4 464.8684 551.5301 5 420.3651 574.7951 6 375.4015 599.6783 7 329.7905 626.362 8 283.3299 655.0542 9 235.7988 685.9934
0.022960 0.097478 9.996521  10  0 641.7241 488.3333 1 597.5335 506.6176 2 553.5517 526.0064 3 509.6157 546.6189 4 465.5609 568.5864 5 421.2186 592.0552 6 376.4127 617.1898 7 330.9563 644.1763 8 284.6475 673.2272 9 237.2655 704.5871
0.015958 0.243794 10.005073  10  0 641.7241 505 1 597.7157 523.3336 2 553.9098 542.8115 3 510.1443 563.5538 4 466.2555 585.6939 5 422.0754 609.3805 6 377.4285 634.7812 7 332.1283 662.086 8 285.9733 691.5126 9 238.7425 723.3113
0.033327 0.420175 9.987778  10  0 641.7241 521.6667 1 597.8981 540.0621 2 554.2685 559.6416 3 510.6741 580.5268 4 466.9522 602.8529 5 422.9355 626.7713 6 378.449 652.4529 7 333.3066 680.0921 8 287.3073 709.9113 9 240.2299 742.1675
0.007671 0.584778 10.000216  10  0 641.7241 538.3333 1 598.0806 556.803 2 554.6277 576.4968 3 511.2051 597.5378 4 467.651 620.0635 5 423.7988 644.228 6 379.4741 670.2057 7 334.4914 698.1952 8 288.6496 728.4245 9 241.7279 761.1571
0.037356 0.757633 9.991143  10  0 641.7241 555 1 598.2633 573.5564 2 554.9874 593.3771 3 511.7372 614.5872 4 468.3518 637.3261 5 424.6653 661.751 6 380.504 688.04 7 335.6825 716.3962 8 290.0002 747.0533 9 243.2364 780.2815
0.051925 -0.762149 9.998084  10  0 645.1724 405 1 600.0766 423.1911 2 555.239 442.2868 3 510.4915 462.4008 4 465.6653 483.6569 5 420.5888 506.1903 6 375.0837 530.1514 7 328.9623 555.708 8 282.023 583.05 9 234.0466 612.3936
0.056179 -0.577091 10.006895  10  0 645.1724 421.6667 1 600.2594 439.8434 2 555.597 458.9636 3 511.0179 479.1417 4 466.3546 500.5024 5 421.4359 523.183 6 376.0844 547.3359 7 330.1126 573.1321 8 283.3194 600.7653 9 235.4854 630.4564
0.066219 -0.414980 10.019593  10  0 645.1724 438.3333 1 600.4424 456.5081 2 555.9555 475.6651 3 511.5455 495.9199 4 467.0459 517.3983 5 422.2862 540.2394 6 377.0895 564.5981 7 331.269 590.6487 8 284.6236 618.5887 9 236.9342 648.6443
0.062754 -0.246712 9.995480  10  0 645.1724 455 1 600.6255 473.185 2 556.3145 492.3915 3 512.0743 512.7355 4 467.7392 534.3446 5 423.1397 557.3598 6 378.0993 581.9384 7 332.4315 608.2583 8 285.9358 636.5212 9 238.393 666.9584
0.042966 -0.093619 10.005333  10  0 645.1724 471.6667 1 600.8087 489.8744 2 556.674 509.1427 3 512.6043 529.5888 4 468.4347 551.3417 5 423.9963 574.5445 6 379.1136 599.3574 7 333.6003 625.9618 8 287.2561 654.5637 9 239.862 685.4001
0.042572 0.079398 9.995429  10  0 645.1724 488.3333 1 600.9921 506.5761 2 557.0341 525.9188 3 513.1355 546.4798 4 469.1322 568.3897 5 424.8562 591.7939 6 380.1325 616.8557 7 334.7753 643.7598 8 288.5845 672.7174 9 241.3413 703.9707
0.042576 0.234559 10.000894  10  0 645.1724 505 1 601.1756 523.2902 2 557.3947 542.7199 3 513.6678 563.4087 4 469.8318 585.4889 5 425.7194 609.1084 6 381.156 634.4336 7 335.9565 661.6533 8 289.9211 690.9831 9 242.8309 722.6716
0.062472 0.409328 10.027826  10  0 645.1724 521.6667 1 601.3593 540.0168 2 557.7559 559.546 3 514.2014 580.3755 4 470.5335 602.6395 5 426.5858 626.4884 6 382.1843 652.0919 7 337.1442 679.6428 8 291.266 709.362 9 244.331 741.5042
0.050367 0.573634 10.001813  10  0 645.1724 538.3333 1 601.5431 556.7557 2 558.1176 576.3973 3 514.7361 597.3805 4 471.2374 619.8417 5 427.4555 643.9342 6 383.2172 669.831 7 338.3382 697.7292 8 292.6193 727.8551 9 245.8417 760.4699
0.047277 0.746504 9.994031  10  0 645.1724 555 1 601.727 573.5071 2 558.4798 593.2736 3 515.2721 614.4236 4 471.9433 637.0958 5 428.3285 661.4462 6 384.2549 687.6515 7 339.5387 715.9134 8 293.981 746.4635 9 247.3632 779.57
0.087032 -0.748308 10.010022  10  0 648.6207 405 1 603.5281 423.1594 2 558.7073 442.2188 3 513.9901 462.2918 4 469.2083 483.5012 5 424.1907 505.9818 6 378.76 529.8829 7 332.7294 555.3714 8 285.8991 582.6356 9 238.0515 611.8904
0.096565 -0.574854 10.009248  10  0 648.6207 421.6667 1 603.7122 439.8097 2 559.0678 458.8917 3 514.5203 479.0267 4 469.9025 500.3387 5 425.0441 522.9642 6 379.7682 547.0547 7 333.8887 572.78 8 287.206 600.3325 9 239.5025 629.9315
0.084618 -0.427357 9.984783  10  0 648.6207 438.3333 1 603.8964 456.4724 2 559.4287 475.5893 3 515.0516 495.7989 4 470.5988 517.2264 5 425.9006 540.0101 6 380.781 564.3039 7 335.0542 590.2809 8 288.5208 618.1373 9 240.9635 648.0973
0.089300 -0.247064 9.993599  10  0 648.6207 455 1 604.0808 473.1475 2 559.7902 492.3118 3 515.5842 512.6086 4 471.2972 534.1646 5 426.7604 557.12 6 381.7983 581.6312 7 336.2258 607.8747 8 289.8436 636.0508 9 242.4347 666.389
0.063053 -0.072468 9.995520  10  0 648.6207 471.6667 1 604.2653 489.8349 2 560.1523 509.0591 3 516.1179 529.4559 4 471.9976 551.1535 5 427.6233 574.2941 6 382.8203 599.0371 7 337.4036 625.5622 8 291.1746 654.0743 9 243.9161 684.8081
0.079531 0.092946 9.997463  10  0 648.6207 488.3333 1 604.4499 506.5347 2 560.5149 525.8313 3 516.6528 546.3408 4 472.7001 568.1932 5 428.4896 591.5329 6 383.8469 616.522 7 338.5878 643.3441 8 292.5137 672.2086 9 245.4078 703.3558
0.075541 0.234056 10.001049  10  0 648.6207 505 1 604.6347 523.2469 2 560.878 542.6284 3 517.1889 563.2636 4 473.4048 585.2841 5 429.3591 608.8366 6 384.8782 634.0866 7 339.7783 661.2212 8 293.8612 690.4547 9 246.91 722.0334
0.079815 0.423987 9.994396  10  0 648.6207 521.6667 1 604.8196 539.9715 2 561.2417 559.4506 3 517.7262 580.2244 4 474.1115 602.4263 5 430.2318 626.2058 6 385.9142 651.7313 7 340.9751 679.1943 8 295.2169 708.8138 9 248.4228 740.8424
0.078587 0.581646 10.004334  10  0 648.6207 538.3333 1 605.0047 556.7085 2 561.6059 576.2978 3 518.2647 597.2232 4 474.8204 619.6201 5 431.1079 643.6407 6 386.9549 669.4568 7 342.1784 697.2641 8 296.5811 727.2869 9 249.9462 759.7842
0.081986 0.763814 10.004708  10  0 648.6207 555 1 605.1899 573.4579 2 561.9706 593.1702 3 518.8045 614.2602 4 475.5315 636.8658 5 431.9873 661.1417 6 388.0004 687.2636 7 343.3883 715.4314 8 297.9538 745.875 9 251.4805 778.8601
0.115776 -0.740707 9.991574  10  0 652.069 405 1 606.9789 423.1276 2 562.174 442.1509 3 517.4864 462.1828 4 472.7481 483.3457 5 427.7885 505.7736 6 382.4311 529.6148 7 336.4903 555.0353 8 289.7677 582.2221 9 242.0475 611.3884
0.127267 -0.586822 10.003759  10  0 652.069 421.6667 1 607.1642 439.776 2 562.5369 458.8199 3 518.0203 478.9118 4 473.4472 500.1751 5 428.648 522.7456 6 383.4468 546.7738 7 337.6586 572.4285 8 291.085 599.9006 9 243.5106 629.4077
0.135050 -0.413972 9.988781  10  0 652.069 438.3333 1 607.3497 456.4368 2 562.9004 475.5136 3 518.5553 495.678 4 474.1484 517.0547 5 429.5108 539.7811 6 384.4672 564.0102 7 338.833 589.9138 8 292.4104 617.6867 9 244.9839 647.5515
0.105339 -0.244891 10.008249  10  0 652.069 455 1 607.5353 473.1099 2 563.2644 492.2321 3 519.0916 512.4817 4 474.8518 533.9847 5 430.3768 556.8805 6 385.4921 581.3244 7 340.0136 607.4918 8 293.7438 635.5814 9 246.4673 665.821
0.138218 -0.107945 9.997862  10  0 652.069 471.6667 1 607.7211 489.7954 2 563.6289 508.9755 3 519.629 529.323 4 475.5572 550.9654 5 431.2461 574.044 6 386.5217 598.7171 7 341.2006 625.1633 8 295.0854 653.5858 9 247.9611 684.2174
0.133520 0.077193 10.007200  10  0 652.069 488.3333 1 607.907 506.4933 2 563.994 525.7438 3 520.1677 546.2019 4 476.2647 567.9969 5 432.1186 591.2721 6 387.556 616.1888 7 342.3939 642.9291 8 296.4353 671.7007 9 249.4653 702.7422
0.121626 0.246046 9.990065  10  0 652.069 505 1 608.093 523.2035 2 564.3597 542.537 3 520.7075 563.1187 4 476.9744 585.0794 5 432.9944 608.5652 6 388.595 633.74 7 343.5935 660.7899 8 297.7934 689.9274 9 250.98 721.3966
0.136491 0.405219 10.007819  10  0 652.069 521.6667 1 608.2792 539.9261 2 564.7258 559.3552 3 521.2486 580.0733 4 477.6862 602.2133 5 433.8735 625.9235 6 389.6387 651.3713 7 344.7996 678.7466 8 299.16 708.2667 9 252.5053 740.1821
0.123137 0.561010 9.997237  10  0 652.069 538.3333 1 608.4655 556.6612 2 565.0925 576.1984 3 521.7909 597.066 4 478.4001 619.3987 5 434.756 643.3476 6 390.6872 669.0832 7 346.0122 696.7997 8 300.5351 726.7198 9 254.0414 759.1
0.110487 0.758400 9.999274  10  0 652.069 555 1 608.6519 573.4087 2 565.4598 593.0668 3 522.3344 614.0969 4 479.1162 636.6359 5 435.6418 660.8376 6 391.7405 686.8762 7 347.2313 714.9502 8 301.9187 745.2876 9 255.5884 778.1518
0.166451 -0.756138 9.997283  10  0 655.5172 405 1 610.4288 423.0958 2 565.6391 442.083 3 520.9802 462.0739 4 476.2845 483.1903 5 431.382 505.5656 6 386.097 529.3471 7 340.2449 554.6998 8 293.6288 581.8094 9 246.0347 610.8874
0.177497 -0.571612 10.006712  10  0 655.5172 421.6667 1 610.6154 439.7424 2 566.0045 458.7481 3 521.5178 478.7969 4 476.9886 500.0117 5 432.2477 522.5273 6 387.1202 546.4933 7 341.4221 572.0776 8 294.9566 599.4695 9 247.5099 628.8851
0.147430 -0.426249 10.018027  10  0 655.5172 438.3333 1 610.8022 456.4012 2 566.3705 475.4379 3 522.0565 495.5573 4 477.6948 516.8832 5 433.1167 539.5524 6 388.1481 563.7168 7 342.6055 589.5472 8 296.2924 617.237 9 248.9953 647.0069
0.145158 -0.240469 10.008961  10  0 655.5172 455 1 610.989 473.0724 2 566.737 492.1525 3 522.5965 512.355 4 478.4031 533.805 5 433.989 556.6412 6 389.1807 581.0181 7 343.7951 607.1095 8 297.6364 635.1129 9 250.491 665.2541
0.166556 -0.076299 10.000294  10  0 655.5172 471.6667 1 611.1761 489.7559 2 567.104 508.892 3 523.1377 529.1902 4 479.1135 550.7775 5 434.8645 573.7942 6 390.2179 598.3977 7 344.9911 624.7651 8 298.9886 653.0982 9 251.997 683.6281
0.154933 0.088932 9.992524  10  0 655.5172 488.3333 1 611.3632 506.4518 2 567.4716 525.6563 3 523.6801 546.0631 4 479.826 567.8007 5 435.7433 591.0117 6 391.2598 615.8561 7 346.1935 642.5148 8 300.3491 671.1939 9 253.5136 702.13
0.141534 0.239620 10.000840  10  0 655.5172 505 1 611.5505 523.1601 2 567.8397 542.4455 3 524.2237 562.9738 4 480.5407 584.875 5 436.6255 608.2941 6 392.3065 633.394 7 347.4023 660.3594 8 301.718 689.401 9 255.0407 720.7613
0.167536 0.414884 9.990024  10  0 655.5172 521.6667 1 611.7379 539.8809 2 568.2084 559.2598 3 524.7685 579.9224 4 481.2575 602.0005 5 437.5109 625.6416 6 393.3579 651.0118 7 348.6175 678.2996 8 303.0953 707.7206 9 256.5786 739.5233
0.153632 0.578634 9.999126  10  0 655.5172 538.3333 1 611.9255 556.614 2 568.5776 576.0991 3 525.3145 596.909 4 481.9764 619.1775 5 438.3997 643.0548 6 394.4141 668.7101 7 349.8393 696.3361 8 304.4812 726.1537 9 258.1273 758.4175
0.147220 0.740401 10.009421  10  0 655.5172 555 1 612.1132 573.3595 2 568.9474 592.9635 3 525.8618 613.9337 4 482.6976 636.4063 5 439.2919 660.5339 6 395.4752 686.4894 7 351.0677 714.4699 8 305.8757 744.7014 9 259.687 777.4451
0.183839 -0.754450 9.999125  10  0 658.9655 405 1 613.878 423.0641 2 569.1026 442.0151 3 524.4716 461.965 4 479.8177 483.0351 5 434.9713 505.3578 6 389.7577 529.0798 7 343.9933 554.3649 8 297.4824 581.3975 9 250.0131 610.3876
0.184679 -0.599545 10.011928  10  0 658.9655 421.6667 1 614.0658 439.7087 2 569.4705 458.6763 3 525.0129 478.6822 4 480.5267 499.8484 5 435.8433 522.3092 6 390.7884 546.2133 7 345.1793 571.7272 8 298.8206 599.0392 9 251.5003 628.3637
0.199029 -0.418241 9.995018  10  0 658.9655 438.3333 1 614.2538 456.3656 2 569.8389 475.3623 3 525.5553 495.4365 4 481.2378 516.7118 5 436.7185 539.3239 6 391.8239 563.4239 7 346.3716 589.1813 8 300.1669 616.7882 9 252.9978 646.4636
0.178098 -0.251975 10.004375  10  0 658.9655 455 1 614.442 473.0348 2 570.2079 492.073 3 526.099 512.2283 4 481.951 533.6255 5 437.5969 556.4023 6 392.864 580.7121 7 347.5703 606.7278 8 301.5214 634.6453 9 254.5057 664.6886
0.194347 -0.091647 10.003300  10  0 658.9655 471.6667 1 614.6302 489.7165 2 570.5774 508.8085 3 526.6439 529.0576 4 482.6664 550.5898 5 438.4787 573.5447 6 393.9088 598.0786 7 348.7753 624.3675 8 302.8841 652.6116 9 256.024 683.04
0.199699 0.089707 9.985999  10  0 658.9655 488.3333 1 614.8187 506.4104 2 570.9475 525.5689 3 527.19 545.9244 4 483.3839 567.6048 5 439.3638 590.7516 6 394.9583 615.5239 7 349.9867 642.1012 8 304.2552 670.6881 9 257.5528 701.5192
0.181057 0.239514 9.994781  10  0 658.9655 505 1 615.0072 523.1168 2 571.3181 542.3542 3 527.7374 562.8291 4 484.1036 584.6707 5 440.2522 608.0232 6 396.0126 633.0484 7 351.2046 659.9296 8 305.6348 688.8758 9 259.0924 720.1274
0.192999 0.414185 10.010049  10  0 658.9655 521.6667 1 615.1959 539.8356 2 571.6893 559.1644 3 528.2859 579.7715 4 484.8254 601.7879 5 441.144 625.36 6 397.0717 650.6528 7 352.429 677.8533 8 307.0229 707.1757 9 260.6427 738.866
0.173120 0.588582 9.988622  10  0 658.9655 538.3333 1 615.3847 556.5667 2 572.0611 575.9998 3 528.8357 596.752 4 485.5494 618.9566 5 442.0391 642.7623 6 398.1357 668.3375 7 353.66 695.8734 8 308.4195 725.5888 9 262.2039 757.7364
0.196624 0.752132 9.998468  10  0 658.9655 555 1 615.5737 573.3103 2 572.4333 592.8602 3 529.3868 613.7707 4 486.2756 636.1769 5 442.9377 660.2305 6 399.2045 686.1031 7 354.8976 713.9904 8 309.8248 744.1164 9 263.7762 776.74
0.212916 -0.773974 9.990258  10  0 662.4138 405 1 617.3263 423.0324 2 572.5645 441.9472 3 527.9606 461.8563 4 483.3476 482.88 5 438.5564 505.1503 6 393.4132 528.8129 7 347.7354 554.0305 8 301.3287 580.9864 9 253.9827 609.8888
0.232202 -0.591058 9.990205  10  0 662.4138 421.6667 1 617.5154 439.675 2 572.9349 458.6046 3 528.5055 478.5675 4 484.0615 499.6853 5 439.4346 522.0913 6 394.4514 545.9336 7 348.9303 571.3774 8 302.6772 598.6098 9 255.482 627.8434
0.228474 -0.420728 9.990785  10  0 662.4138 438.3333 1 617.7047 456.33 2 573.3058 475.2866 3 529.0517 495.3159 4 484.7775 516.5406 5 440.316 539.0957 6 395.4944 563.1313 7 350.1315 588.816 8 304.0338 616.3402 9 256.9915 645.9214
0.220024 -0.255533 10.008231  10  0 662.4138 455 1 617.8941 472.9973 2 573.6773 491.9934 3 529.5991 512.1017 4 485.4957 533.4462 5 441.2007 556.1636 6 396.542 580.4067 7 351.3391 606.3468 8 305.3988 634.1786 9 258.5114 664.1243
0.209339 -0.096863 10.000066  10  0 662.4138 471.6667 1 618.0836 489.677 2 574.0493 508.725 3 530.1477 528.925 4 486.216 550.4022 5 442.0887 573.2955 6 397.5944 597.7601 7 352.5531 623.9707 8 306.772 652.1259 9 260.0419 682.4533
0.237454 0.082902 10.003741  10  0 662.4138 488.3333 1 618.2733 506.369 2 574.4219 525.4815 3 530.6976 545.7858 4 486.9385 567.409 5 442.98 590.4918 6 398.6515 615.1921 7 353.7735 641.6883 8 308.1537 670.1832 9 261.583 700.9097
0.225665 0.248324 9.994448  10  0 662.4138 505 1 618.4631 523.0735 2 574.795 542.2628 3 531.2486 562.6844 4 487.6632 584.4667 5 443.8747 607.7528 6 399.7135 632.7034 7 355.0005 659.5005 8 309.5439 688.3515 9 263.1349 719.4949
0.240911 0.429463 9.998754  10  0 662.4138 521.6667 1 618.6531 539.7903 2 575.1687 559.0692 3 531.8009 579.6208 4 488.39 601.5755 5 444.7728 625.0788 6 400.7802 650.2943 7 356.234 677.4079 8 310.9427 706.6318 9 264.6976 738.2102
0.224224 0.584456 10.008370  10  0 662.4138 538.3333 1 618.8432 556.5195 2 575.5429 575.9005 3 532.3545 596.5952 4 489.119 618.7358 5 445.6742 642.4702 6 401.8519 667.9655 7 357.4741 695.4114 8 312.3501 725.0251 9 266.2714 757.0569
0.206354 0.757055 9.987125  10  0 662.4138 555 1 619.0334 573.2612 2 575.9177 592.7569 3 532.9093 613.6077 4 489.8502 635.9477 5 446.5791 659.9274 6 402.9284 685.7174 7 358.7209 713.5117 8 313.7662 743.5325 9 267.8562 776.0366
0.275521 -0.751304 9.992415  10  0 665.8621 405 1 620.7739 423.0006 2 576.0248 441.8794 3 531.4471 461.7476 4 486.8742 482.725 5 442.1374 504.943 6 397.0635 528.5463 7 351.4712 553.6966 8 305.1675 580.576 9 257.9437 609.3912
0.255707 -0.601588 10.010206  10  0 665.8621 421.6667 1 620.9643 439.6414 2 576.3977 458.5329 3 531.9958 478.4529 4 487.593 499.5223 5 443.0217 521.8738 6 398.1093 545.6543 7 352.675 571.0283 8 306.5263 598.1812 9 259.4548 627.3242
0.267865 -0.431399 10.016944  10  0 665.8621 438.3333 1 621.1548 456.2944 2 576.7711 475.211 3 532.5457 495.1954 4 488.314 516.3695 5 443.9092 538.8677 6 399.1597 562.8392 7 353.8851 588.4513 8 307.8933 615.8931 9 260.9763 645.3805
0.251398 -0.257514 9.991368  10  0 665.8621 455 1 621.3454 472.9598 2 577.145 491.9139 3 533.0968 511.9752 4 489.0371 533.267 5 444.8001 555.9252 6 400.2148 580.1016 7 355.1015 605.9664 8 309.2687 633.7128 9 262.5083 663.5613
0.264739 -0.087671 10.004393  10  0 665.8621 471.6667 1 621.5362 489.6375 2 577.5195 508.6416 3 533.6491 528.7925 4 489.7624 550.2148 5 445.6944 573.0466 6 401.2747 597.442 7 356.3245 623.5745 8 310.6524 651.6412 9 264.0509 681.8679
0.266971 0.089097 9.987531  10  0 665.8621 488.3333 1 621.7271 506.3277 2 577.8946 525.3941 3 534.2026 545.6473 4 490.4898 567.2134 5 446.5919 590.2323 6 402.3395 614.8609 7 357.5539 641.2761 8 312.0446 669.6794 9 265.6042 700.3016
0.268752 0.241655 10.006577  10  0 665.8621 505 1 621.9182 523.0301 2 578.2702 542.1715 3 534.7574 562.5399 4 491.2194 584.2628 5 447.4929 607.4826 6 403.409 632.3588 7 358.7899 659.0721 8 313.4454 687.8283 9 267.1684 718.8638
0.263611 0.410379 10.001331  10  0 665.8621 521.6667 1 622.1094 539.745 2 578.6464 558.9739 3 535.3135 579.4702 4 491.9512 601.3633 5 448.3973 624.7978 6 404.4834 649.9363 7 360.0325 676.9632 8 314.8548 706.0889 9 268.7434 737.5558
0.258213 0.585892 9.989862  10  0 665.8621 538.3333 1 622.3008 556.4723 2 579.0231 575.8013 3 535.8708 596.4385 4 492.6852 618.5152 5 449.305 642.1784 6 405.5627 667.594 7 361.2818 694.9501 8 316.2729 724.4624 9 270.3296 756.379
0.260065 0.744380 10.005090  10  0 665.8621 555 1 622.4923 573.212 2 579.4004 592.6538 3 536.4293 613.4449 4 493.4215 635.7187 5 450.2162 659.6248 6 406.647 685.3323 7 362.5378 713.0338 8 317.6997 742.9497 9 271.9269 775.3347
0.296127 -0.762284 10.012645  10  0 669.3103 405 1 624.2207 422.9689 2 579.4835 441.8117 3 534.9313 461.639 4 490.3975 482.5702 5 445.7142 504.7359 6 400.7087 528.2801 7 355.2009 553.3634 8 308.9989 580.1665 9 261.8959 608.8946
0.285719 -0.588874 9.998424  10  0 669.3103 421.6667 1 624.4123 439.6077 2 579.8589 458.4612 3 535.4836 478.3384 4 491.1212 499.3595 5 446.6046 521.6564 6 401.7619 545.3754 7 356.4134 570.6797 8 310.368 597.7534 9 263.4189 626.8062
0.298608 -0.423469 9.991014  10  0 669.3103 438.3333 1 624.6041 456.2588 2 580.2347 475.1355 3 536.0372 495.0749 4 491.8471 516.1986 5 447.4983 538.6401 6 402.8198 562.5475 7 357.6323 588.0872 8 311.7453 615.4469 9 264.9523 644.8407
0.282459 -0.243088 9.988820  10  0 669.3103 455 1 624.796 472.9223 2 580.6112 491.8345 3 536.592 511.8488 4 492.5751 533.0879 5 448.3954 555.6871 6 403.8824 579.797 7 358.8577 605.5867 8 313.131 633.2479 9 266.4963 662.9995
0.274050 -0.081114 9.987581  10  0 669.3103 471.6667 1 624.988 489.5981 2 580.9882 508.5582 3 537.148 528.6601 4 493.3054 550.0277 5 449.2958 572.798 6 404.9499 597.1243 7 360.0896 623.1789 8 314.5252 651.1574 9 268.051 681.2838
0.294769 0.088793 10.003985  10  0 669.3103 488.3333 1 625.1802 506.2863 2 581.3657 525.3068 3 537.7053 545.5089 4 494.0378 567.018 5 450.1996 589.9731 6 406.0221 614.5301 7 361.328 640.8646 8 315.9279 669.1765 9 269.6164 699.6949
0.295081 0.245403 10.003394  10  0 669.3103 505 1 625.3725 522.9868 2 581.7438 542.0803 3 538.2638 562.3954 4 494.7723 584.0591 5 451.1068 607.2127 6 407.0993 632.0147 7 362.573 658.6444 8 317.3392 687.3061 9 271.1928 718.2341
0.295311 0.437834 9.992164  10  0 669.3103 521.6667 1 625.565 539.6998 2 582.1225 558.8787 3 538.8236 579.3197 4 495.5091 601.1513 5 452.0175 624.5172 6 408.1813 649.5789 7 363.8246 676.5192 8 318.7592 705.5472 9 272.7801 736.9029
0.310832 0.584424 10.007540  10  0 669.3103 538.3333 1 625.7576 556.4251 2 582.5017 575.7021 3 539.3846 596.2819 4 496.2481 618.2949 5 452.9315 641.887 6 409.2683 667.223 7 365.083 694.4897 8 320.1879 723.9009 9 274.3786 755.7025
0.305432 0.740802 9.989344  10  0 669.3103 555 1 625.9504 573.1629 2 582.8815 592.5506 3 539.9469 613.2821 4 496.9894 635.4899 5 453.849 659.3225 6 410.3602 684.9477 7 366.3481 712.5567 8 321.6255 742.3682 9 275.9884 774.6344
0.346224 -0.763236 10.014874  10  0 672.7586 405 1 627.6667 422.9372 2 582.9407 441.7439 3 538.413 461.5304 4 493.9176 482.4156 5 449.2868 504.5291 6 404.3488 528.0143 7 358.9243 553.0307 8 312.823 579.7577 9 265.8394 608.3992
0.329790 -0.582347 9.978723  10  0 672.7586 421.6667 1 627.8595 439.5741 2 583.3185 458.3896 3 538.969 478.2239 4 494.6462 499.1968 5 450.1833 521.4394 6 405.4094 545.0969 7 360.1456 570.3316 8 314.2022 597.3264 9 267.3742 626.2893
0.336673 -0.420733 9.997262  10  0 672.7586 438.3333 1 628.0526 456.2233 2 583.6968 475.06 3 539.5263 494.9546 4 495.377 516.0279 5 451.0832 538.4127 6 406.4747 562.2562 7 361.3734 587.7237 8 315.5899 615.0015 9 268.9195 644.3022
0.321675 -0.263519 10.007533  10  0 672.7586 455 1 628.2457 472.8848 2 584.0757 491.755 3 540.0848 511.7225 4 496.1099 532.9091 5 451.9864 555.4493 6 407.5448 579.4928 7 362.6076 605.2076 8 316.9859 632.7839 9 270.4754 662.4389
0.325276 -0.088031 10.000123  10  0 672.7586 471.6667 1 628.439 489.5587 2 584.4552 508.4749 3 540.6445 528.5278 4 496.8451 549.8406 5 452.8931 572.5497 6 408.6197 596.8071 7 363.8483 622.784 8 318.3904 650.6746 9 272.0421 680.7009
0.310109 0.067053 10.000491  10  0 672.7586 488.3333 1 628.6325 506.2449 2 584.8352 525.2195 3 541.2055 545.3706 4 497.5824 566.8227 5 453.8031 589.7142 6 409.6995 614.1997 7 365.0957 640.4537 8 319.8036 668.6746 9 273.6197 699.0895
0.328285 0.256824 9.994915  10  0 672.7586 505 1 628.8261 522.9435 2 585.2158 541.9891 3 541.7677 562.251 4 498.322 583.8556 5 454.7165 606.9432 6 410.7842 631.6712 7 366.3496 658.2175 8 321.2254 686.7849 9 275.2082 717.6059
0.336856 0.436104 10.019653  10  0 672.7586 521.6667 1 629.0198 539.6545 2 585.597 558.7835 3 542.3312 579.1693 4 499.0637 600.9396 5 455.6334 624.237 6 411.8739 649.2219 7 367.6103 676.076 8 322.6559 705.0065 9 276.8078 736.2515
0.317004 0.590736 9.995397  10  0 672.7586 538.3333 1 629.2137 556.3779 2 585.9787 575.603 3 542.896 596.1254 4 499.8077 618.0747 5 456.5537 641.596 6 412.9685 666.8526 7 368.8777 694.0301 8 324.0952 723.3404 9 278.4185 755.0276
0.325361 0.746768 10.006980  10  0 672.7586 555 1 629.4077 573.1137 2 586.361 592.4475 3 543.462 613.1195 4 500.5539 635.2614 5 457.4775 659.0205 6 414.068 684.5637 7 370.1519 712.0804 8 325.5435 741.7877 9 280.0406 773.9357
0.354828 -0.736404 10.012113  10  0 676.2069 405 1 631.1119 422.9055 2 586.3962 441.6762 3 541.8924 461.422 4 497.4344 482.2611 5 452.8552 504.3226 6 407.9837 527.7489 7 362.6416 552.6985 8 316.6397 579.3497 9 269.7743 607.9048
0.353985 -0.580423 9.996602  10  0 676.2069 421.6667 1 631.306 439.5404 2 586.7765 458.318 3 542.452 478.1096 4 498.1679 499.0342 5 453.7579 521.2226 6 409.0517 544.8188 7 363.8716 569.9842 8 318.0291 596.9003 9 271.3209 625.7736
0.371093 -0.438857 10.014486  10  0 676.2069 438.3333 1 631.5003 456.1877 2 587.1573 474.9845 3 543.013 494.8343 4 498.9035 515.8573 5 454.6639 538.1855 6 410.1244 561.9654 7 365.1081 587.3608 8 319.427 614.557 9 272.878 643.7648
0.362742 -0.251446 10.004439  10  0 676.2069 455 1 631.6947 472.8473 2 587.5387 491.6756 3 543.5751 511.5962 4 499.6414 532.7304 5 455.5733 555.2118 6 411.202 579.1891 7 366.3512 604.8291 8 320.8333 632.3208 9 274.4458 661.8796
0.369465 -0.082546 9.985122  10  0 676.2069 471.6667 1 631.8892 489.5193 2 587.9206 508.3916 3 544.1386 528.3956 4 500.3815 549.6538 5 456.4861 572.3017 6 412.2844 596.4904 7 367.6008 622.3898 8 322.2482 650.1927 9 276.0244 680.1194
0.366037 0.088956 9.995287  10  0 676.2069 488.3333 1 632.0839 506.2036 2 588.3032 525.1323 3 544.7033 545.2324 4 501.1238 566.6277 5 457.4023 589.4556 6 413.3717 613.8699 7 368.857 640.0436 8 323.6717 668.1737 9 277.614 698.4855
0.371427 0.248357 9.998548  10  0 676.2069 505 1 632.2788 522.9002 2 588.6863 541.8979 3 545.2692 562.1068 4 501.8682 583.6523 5 458.3219 606.674 6 414.464 631.3281 7 370.1199 657.7913 8 325.1039 686.2647 9 279.2146 716.9791
0.339497 0.428404 10.006379  10  0 676.2069 521.6667 1 632.4738 539.6093 2 589.0699 558.6884 3 545.8364 579.019 4 502.615 600.728 5 459.2451 623.9571 6 415.5612 648.8655 7 371.3896 675.6336 8 326.545 704.4668 9 280.8263 735.6015
0.351848 0.570049 10.007127  10  0 676.2069 538.3333 1 632.6689 556.3307 2 589.4541 575.5039 3 546.4049 595.969 4 503.3639 617.8548 5 460.1716 641.3053 6 416.6633 666.4827 7 372.666 693.5712 8 327.9949 722.7811 9 282.4494 754.3543
0.360350 0.774592 10.006971  10  0 676.2069 555 1 632.8642 573.0646 2 589.8389 592.3445 3 546.9747 612.957 4 504.1151 635.033 5 461.1017 658.7189 6 417.7705 684.1802 7 373.9493 711.605 8 329.4537 741.2084 9 284.0838 773.2386
0.400031 -0.736478 9.985530  10  0 679.6552 405 1 634.5563 422.8738 2 589.8502 441.6085 3 545.3693 461.3136 4 500.9479 482.1067 5 456.4195 504.1162 6 411.6136 527.4838 7 366.3527 552.3669 8 320.449 578.9425 9 273.7006 607.4115
0.408036 -0.585801 9.984742  10  0 679.6552 421.6667 1 634.7516 439.5068 2 590.2329 458.2465 3 545.9326 477.9953 4 501.6863 498.8719 5 457.3282 521.006 6 412.6889 544.5411 7 367.5914 569.6373 8 321.8486 596.475 9 275.2588 625.259
0.390155 -0.413786 10.013455  10  0 679.6552 438.3333 1 634.9472 456.1521 2 590.6162 474.909 3 546.4972 494.7141 4 502.4269 515.6869 5 458.2404 537.9586 6 413.769 561.6749 7 368.8367 586.9986 8 323.2567 614.1134 9 276.8277 643.2286
0.390502 -0.258727 10.008234  10  0 679.6552 455 1 635.1428 472.8098 2 591.0001 491.5963 3 547.0631 511.4701 4 503.1696 532.5519 5 459.1559 554.9745 6 414.854 578.8857 7 370.0885 604.4513 8 324.6732 631.8587 9 278.4074 661.3216
0.393700 -0.092641 10.004122  10  0 679.6552 471.6667 1 635.3386 489.4798 2 591.3845 508.3083 3 547.6302 528.2634 4 503.9146 549.4671 5 460.0749 572.054 6 415.9439 596.1741 7 371.3469 621.9963 8 326.0984 649.7118 9 279.9979 679.5392
0.403504 0.084095 10.015462  10  0 679.6552 488.3333 1 635.5346 506.1622 2 591.7695 525.0451 3 548.1986 545.0943 4 504.6618 566.4328 5 460.9973 589.1974 6 417.0387 613.5405 7 372.612 639.6342 8 327.5323 667.6738 9 281.5994 697.8828
0.397616 0.259857 10.018469  10  0 679.6552 505 1 635.7307 522.857 2 592.1551 541.8068 3 548.7683 561.9627 4 505.4112 583.4492 5 461.9231 606.4051 6 418.1384 630.9855 7 373.8839 657.3658 8 328.9749 685.7456 9 283.212 716.3536
0.407809 0.425925 9.992277  10  0 679.6552 521.6667 1 635.927 539.5641 2 592.5412 558.5934 3 549.3392 578.8688 4 506.1629 600.5166 5 462.8525 623.6775 6 419.2432 648.5096 7 375.1625 675.1918 8 330.4264 703.9283 9 284.8359 734.953
0.388832 0.604648 10.000419  10  0 679.6552 538.3333 1 636.1233 556.2836 2 592.9279 575.4049 3 549.9114 595.8127 4 506.9168 617.635 5 463.7853 641.0149 6 420.3529 666.1133 7 376.4479 693.1131 8 331.8869 722.2228 9 286.4711 753.6824
0.400663 0.746742 10.004311  10  0 679.6552 555 1 636.3199 573.0155 2 593.3152 592.2415 3 550.4849 612.7946 4 507.673 634.8049 5 464.7216 658.4177 6 421.4677 683.7973 7 377.7402 711.1303 8 333.3563 740.6303 9 288.1178 772.543
0.434906 -0.752230 10.001204  10  0 683.1034 405 1 637.9999 422.8421 2 593.3025 441.5409 3 548.8438 461.2053 4 504.4582 481.9524 5 459.9796 503.9102 6 415.2383 527.2191 7 370.0576 552.0358 8 324.2511 578.5361 9 277.6183 606.9193
0.414594 -0.610676 10.002028  10  0 683.1034 421.6667 1 638.1965 439.4732 2 593.6877 458.1749 3 549.4108 477.8811 4 505.2015 498.7096 5 460.8945 520.7897 6 416.3209 544.2638 7 371.305 569.291 8 325.6608 596.0505 9 279.1882 624.7455
0.433998 -0.419752 10.001942  10  0 683.1034 438.3333 1 638.3933 456.1166 2 594.0735 474.8336 3 549.9791 494.594 4 505.9469 515.5166 5 461.8127 537.732 6 417.4084 561.3849 7 372.559 586.6369 8 327.079 613.6706 9 280.7688 642.6936
0.448431 -0.248539 10.010866  10  0 683.1034 455 1 638.5902 472.7724 2 594.4598 491.517 3 550.5486 511.344 4 506.6945 532.3735 5 462.7344 554.7375 6 418.5008 578.5828 7 373.8196 604.0741 8 328.5058 631.3974 9 282.3602 660.7647
0.419057 -0.082956 9.972513  10  0 683.1034 471.6667 1 638.7873 489.4404 2 594.8467 508.2251 3 551.1194 528.1314 4 507.4444 549.2806 5 463.6595 571.8065 6 419.5981 595.8582 7 375.0868 621.6034 8 329.9412 649.2318 9 283.9625 678.9603
0.424664 0.076857 9.999941  10  0 683.1034 488.3333 1 638.9845 506.1209 2 595.2342 524.958 3 551.6915 544.9562 4 508.1965 566.2381 5 464.588 588.9394 6 420.7004 613.2116 7 376.3607 639.2254 8 331.3854 667.1748 9 285.576 697.2814
0.420867 0.237126 9.997496  10  0 683.1034 505 1 639.1818 522.8137 2 595.6223 541.7157 3 552.2649 561.8186 4 508.9509 583.2463 5 465.5201 606.1365 6 421.8076 630.6434 7 377.6414 656.941 8 332.8384 685.2275 9 287.2006 715.7296
0.442325 0.412557 9.995313  10  0 683.1034 521.6667 1 639.3793 539.5189 2 596.0109 558.4983 3 552.8395 578.7187 4 509.7075 600.3054 5 466.4556 623.3982 6 422.9199 648.1542 7 378.929 674.7509 8 334.3003 703.3907 9 288.8365 734.306
0.425469 0.605339 10.001440  10  0 683.1034 538.3333 1 639.577 556.2364 2 596.4001 575.3059 3 553.4154 595.6566 4 510.4664 617.4155 5 467.3947 640.7248 6 424.0372 665.7445 7 380.2234 692.6558 8 335.7712 721.6657 9 290.4838 753.012
0.438548 0.740710 10.005342  10  0 683.1034 555 1 639.7748 572.9664 2 596.7899 592.1385 3 553.9926 612.6324 4 511.2276 634.577 5 468.3373 658.1168 6 425.1596 683.4149 7 381.5247 710.6565 8 337.2512 740.0533 9 292.1427 771.8491
0.449070 -0.749973 9.997151  10  0 686.5517 405 1 641.4427 422.8104 2 596.7533 441.4732 3 552.3159 461.097 4 507.9653 481.7984 5 463.5356 503.7043 6 418.8579 526.9548 7 373.7564 551.7053 8 328.0459 578.1305 9 281.5275 606.4282
0.447292 -0.594910 10.000181  10  0 686.5517 421.6667 1 641.6406 439.4396 2 597.141 458.1034 3 552.8866 477.7669 4 508.7134 498.5476 5 464.4565 520.5736 6 419.9478 543.9869 7 375.0125 568.9453 8 329.4657 595.6268 9 283.1089 624.2332
0.475491 -0.405021 9.983501  10  0 686.5517 438.3333 1 641.8386 456.0811 2 597.5292 474.7582 3 553.4585 494.4739 4 509.4637 515.3465 5 465.3809 537.5057 6 421.0427 561.0952 7 376.2751 586.2758 8 330.8939 613.2287 9 284.7011 642.1597
0.471450 -0.242136 9.988857  10  0 686.5517 455 1 642.0368 472.7349 2 597.918 491.4377 3 554.0317 511.218 4 510.2162 532.1953 5 466.3086 554.5008 6 422.1425 578.2804 7 377.5444 603.6975 8 332.3309 630.937 9 286.3043 660.2091
0.468318 -0.081730 9.996267  10  0 686.5517 471.6667 1 642.2351 489.401 2 598.3074 508.1419 3 554.6062 527.9995 4 510.971 549.0943 5 467.2398 571.5594 6 423.2472 595.5428 7 378.8204 621.2111 8 333.7765 648.7527 9 287.9184 678.3826
0.475188 0.082858 9.998296  10  0 686.5517 488.3333 1 642.4336 506.0796 2 598.6973 524.8709 3 555.182 544.8183 4 511.728 566.0436 5 468.1746 588.6817 6 424.3569 612.8831 7 380.1032 638.8173 8 335.231 666.6768 9 289.5437 696.6814
0.466193 0.264789 9.989330  10  0 686.5517 505 1 642.6322 522.7704 2 599.0879 541.6247 3 555.759 561.6747 4 512.4873 583.0436 5 469.1128 605.8682 6 425.4716 630.3017 7 381.3927 656.5169 8 336.6943 684.7103 9 291.1802 715.1069
0.466916 0.422444 9.988194  10  0 686.5517 521.6667 1 642.8309 539.4737 2 599.479 558.4033 3 556.3374 578.5687 4 513.2488 600.0943 5 470.0545 623.1192 6 426.5914 647.7993 7 382.6891 674.3107 8 338.1666 702.8543 9 292.8281 733.6604
0.456768 0.583298 10.006129  10  0 686.5517 538.3333 1 643.0298 556.1893 2 599.8707 575.207 3 556.917 595.5005 4 514.0126 617.1962 5 470.9998 640.4351 6 427.7163 665.3762 7 383.9924 692.1993 8 339.6479 721.1096 9 294.4875 752.3432
0.465612 0.751367 10.001348  10  0 686.5517 555 1 643.2289 572.9173 2 600.263 592.0356 3 557.498 612.4702 4 514.7788 634.3493 5 471.9486 657.8163 6 428.8462 683.0331 7 385.3027 710.1835 8 341.1383 739.4774 9 296.1585 771.1567
0.488997 -0.734610 10.013769  10  0 690 405 1 644.8847 422.7787 2 600.2025 441.4056 3 555.7856 460.9888 4 511.4691 481.6444 5 467.0875 503.4987 6 422.4724 526.6908 7 377.4491 551.3753 8 331.8335 577.7257 9 285.4281 605.9381
0.491093 -0.578385 10.005457  10  0 690 421.6667 1 645.0839 439.406 2 600.5926 458.032 3 556.36 477.6529 4 512.222 498.3856 5 468.0144 520.3578 6 423.5697 543.7103 7 378.7138 568.6002 8 333.2632 595.204 9 287.021 623.7219
0.495228 -0.413978 9.988344  10  0 690 438.3333 1 645.2831 456.0455 2 600.9833 474.6829 3 556.9356 494.354 4 512.9772 515.1765 5 468.9448 537.2796 6 424.6719 560.806 7 379.9851 585.9154 8 334.7016 612.7876 9 288.6249 641.6271
0.501387 -0.244314 9.977814  10  0 690 455 1 645.4826 472.6974 2 601.3746 491.3585 3 557.5124 511.0922 4 513.7346 532.0173 5 469.8787 554.2644 6 425.779 577.9783 7 381.2631 603.3216 8 336.1486 630.4775 9 290.2396 659.6548
0.516028 -0.084319 10.001392  10  0 690 471.6667 1 645.6821 489.3617 2 601.7664 508.0587 3 558.0906 527.8676 4 514.4942 548.9081 5 470.816 571.3125 6 426.8911 595.2279 7 382.5478 620.8195 8 337.6044 648.2745 9 291.8655 677.8062
0.503775 0.073461 9.997729  10  0 690 488.3333 1 645.8819 506.0382 2 602.1589 524.7838 3 558.6701 544.6805 4 515.2561 565.8493 5 471.7569 588.4243 6 428.0082 612.5551 7 383.8393 638.41 8 339.0691 666.1798 9 293.5026 696.0827
0.504061 0.253676 10.005546  10  0 690 505 1 646.0817 522.7272 2 602.5519 541.5337 3 559.2508 561.5308 4 516.0203 582.841 5 472.7013 605.6003 6 429.1304 629.9606 7 385.1377 656.0936 8 340.5427 684.1942 9 295.151 714.4856
0.505433 0.400444 10.009140  10  0 690 521.6667 1 646.2817 539.4285 2 602.9455 558.3084 3 559.8328 578.4188 4 516.7868 599.8835 5 473.6492 622.8406 6 430.2577 647.4449 7 386.4429 673.8712 8 342.0253 702.3189 9 296.8108 733.0162
0.512037 0.576392 9.997998  10  0 690 538.3333 1 646.4819 556.1422 2 603.3397 575.1081 3 560.4162 595.3445 4 517.5556 616.977 5 474.6006 640.1458 6 431.39 665.0084 7 387.7551 691.7435 8 343.517 720.5547 9 298.4822 751.6758
0.505804 0.760579 10.001488  10  0 690 555 1 646.6822 572.8682 2 603.7344 591.9328 3 561.0008 612.3082 4 518.3266 634.1218 5 475.5557 657.5161 6 432.5275 682.6518 7 389.0744 709.7113 8 345.0179 738.9027 9 300.1653 770.4658
